-2.067504630593728 -4.3940160659490966
-9.220342264640013 -26.542222567962877
-3.354104007299002 -9.130317428586983
2.190182077823536 6.24970978934776
8.800144432229736 25.615330535203725
1.2955720622286666 4.457587948472233
-7.368560590563282 -24.042007327266063
-7.885062936720201 -21.902512966035843
9.247269717481778 22.232946480087413
-6.893672856299553 -16.87720368128433
-6.066803990317037 -14.848135699569212
-6.9215898099530415 -14.44145434822682
-1.6545731812731272 -3.7695937183621164
-6.9318886418322005 -12.569127060904496
-5.564372283731238 -11.769629052510782
3.2039352899438196 1.7769283272125218
3.0657144806512733 4.571313861589724
4.5481908342819555 12.46956760941266
9.310584677321618 25.505353170453567
-3.985432221468253 -7.322793716102373
-8.04411167336611 -21.66014306539187
-8.244435661014432 -20.36995666545019
2.091620104946557 3.9534922074711707
-4.807273405858206 -9.750253644707449
6.5117809045985595 16.49820504851015
5.793859586358998 13.669489611840818
-8.481860402831341 -21.598518763482673
-1.320506110389994 -2.9850711349727357
-0.4905704363690351 -5.000805258969739
-4.878412949618576 -17.331848193130682
-1.7330368030370167 -1.184770838644341
4.790250218364999 13.46132130504573
1.4973615681264079 3.4929706595513488
7.124432481693859 15.803109344419903
9.401303443175749 18.44623575083276
6.764834919808425 13.037543898470046
0.2760418055170337 -0.6787731412754329
3.198939293293714 6.45908241929059
-1.3612213958686965 -9.588995259075883
0.5998018098578246 5.542828222288178
8.44910374895143 24.7389478923975
-8.093377625871348 -14.909161386173611
-8.186912646954351 -19.808736500311927
-9.615954068103347 -21.54172320547574
-3.2045521295841173 -5.8909788501544895
-0.0831510220657794 0.5359906414420513
-2.6615641687403757 -7.884633437969464
-4.54156600489064 -13.525376268987214
3.854305667960265 4.833705447511938
-0.4345611410915673 0.363921389553967
-8.059278061579649 -15.518392703129363
-8.831539416572538 -23.56037044172784
9.940033157096064 26.87279596239682
4.729565655026386 9.072944564940052
1.0950117816583411 0.9874903926427456
5.717596738379713 7.095461975072532
-1.8891451339576015 -1.597964391464218
1.6196014442737585 6.682066498246719
5.309522399772515 14.3779033668776
-3.898675899021571 -9.81964144926157
-1.6403276880608608 -4.200487426555207
1.9462989799613233 3.666390615380779
-4.627800805362396 -12.512189636828024
-2.7008599497163965 -7.9338337357393005
4.188679863308044 9.03004822431624
-3.351865058965309 -11.510542083987978
-4.347953929565231 -9.844158636476092
2.3385813488184137 4.61443811939849
9.66667954845136 24.246397348410124
-0.8046028015438562 -1.8109482688877916
0.36028055110586443 5.052041688281909
4.266576720997515 9.750445347661227
-4.458630412179176 -12.674327586958809
-5.574664070578166 -13.393812128519945
0.6517833498331278 -2.883932579637289
-8.37102180158341 -22.594599139610253
-6.969106695262894 -15.413549211697248
-5.9987468671236925 -16.34044973372125
-4.5044936525326795 -9.343677383871164
6.702718251003088 19.078081467434327
-9.921738219736518 -23.542525704295127
8.073711020652699 22.00317252928876
9.519300339409565 20.20958935997872
0.9650312139129174 6.184910228344039
-4.24479811472628 -9.326417231223546
5.011855889907245 11.707616963390118
-0.7635251662156222 2.083593220294582
9.37455571200578 22.177545802854596
-4.277150322515348 -12.83887433219623
-6.319844027036923 -15.341242880921449
4.086126043117904 8.348903515818062
-1.181711212423064 1.1604776966743713
-0.16247199343197138 1.2624093739994102
0.9187422475691243 -0.12125990905899275
-0.9421643894303458 -1.6515373528248283
1.3805888603256733 1.0261636113072807
7.4559471103486885 15.571199175463473
-6.993379000203451 -17.093190417169648
9.314298037108706 20.091369700126222
4.035398819377017 11.863349165455961
