0.6694837762958694 0.8945464835833724 0
-0.025934533700649937 1.1107433076159958 0
0.9953308180872537 0.25066986949731196 0
-0.9322951409309891 0.5909418115823066 0
0.16912470429691373 1.0438085765110712 0
0.6182140008161767 -0.6014423583073267 1
0.5906876196569684 -0.31555239872653296 1
-0.6571244845423326 0.7645023530709449 0
0.5672735172344342 -0.36143767441115565 1
-0.7953809433515175 0.4942863785150671 0
1.8710303051465795 0.3310282884845493 1
0.4448470465942585 0.9844546223897974 0
0.8526970012398508 0.5262952132022024 0
1.9109843052737066 -0.006444016953992288 1
-0.8144490216596668 0.7484594541565841 0
0.9848472634972555 0.46408782324942005 0
0.5302534110016311 -0.2120408059073346 1
-0.04499481184350185 0.02319213973764986 1
-0.9674324466688159 0.16528971240164245 0
-0.010917605732426096 0.39775275915440317 1
0.15696638915054106 -0.13744324486406534 1
0.36705028279159674 0.8390411698994553 0
0.5061010429601066 -0.295811320757443 1
0.9568926237557103 0.38158276230483956 0
0.14390474586539548 0.455909034829002 1
-0.06917698041326048 0.23098746286882063 1
-0.844045526656425 0.6669747610914639 0
0.4675909238428004 -0.4415007025210031 1
1.9012121630924346 0.05865778417575698 1
0.8464493966013844 -0.4981617674122763 1
1.7311440569575622 -0.11091777544387267 1
-0.518051356424933 1.0580551172515342 0
0.7649991547749461 -0.4771767210484229 1
0.7739559071636832 0.6882597093500821 0
-0.43396144834512923 0.8115725429607388 0
0.016030429876525892 -0.05196810808719929 1
2.050626402307437 0.16873824975906165 1
0.14484771785545378 0.9445913000450948 0
1.0195589110039724 0.08960321810275325 0
-0.18764369882578835 1.099212531990458 0
-0.3526594683629227 0.9491483094058155 0
2.1423189066140895 0.18630859553073476 1
0.22861216764604408 0.8893585248723362 0
-0.9495257724090426 0.4075122682041209 0
0.3471767244920222 0.7499023878025908 0
-1.0227863528415981 0.436288253939799 0
1.1870122108546115 -0.41575095832758324 1
0.9425581087621154 0.5413420367796673 0
-0.9132611488287808 0.8252928571901127 0
0.9055432614065715 -0.5281520736643678 1
-0.007653948848240059 0.8874179718217374 0
0.026166932797237447 0.960360412909677 0
-0.11539100070605994 0.887807061959055 0
-0.7900367343024975 0.24853229699877727 0
-0.4320992052849974 0.78219420046362 0
-1.0744939422279505 -0.0337818443758899 0
2.1026823579887317 0.3694238591669308 1
0.07795304249068258 0.5249221884198195 1
-0.675631933129306 0.4445688771906289 0
0.3711118233881147 -0.2040230532057185 1
0.7047651522345318 -0.5808853853467227 1
1.4289347686878793 -0.3753955534865403 1
0.3111135413171704 -0.3200931100231753 1
0.12437010410005493 -0.17827719171220707 1
1.9806246516103758 0.12777897200769767 1
2.0268791973126072 0.251563455548367 1
-0.08039479807666614 0.940242556572946 0
1.8877428718418385 0.17077092160957175 1
-0.08000734739955673 0.9581302829608138 0
0.033262230441885185 0.153354017003753 1
0.22573110149618442 1.0693277639129635 0
-0.5490251896690936 0.6480000214200481 0
-0.7453435107069386 0.38950172973371244 0
0.6188503995189635 0.7343583251294084 0
0.743819482240377 -0.25618922183277726 1
-0.9160681499989689 0.47905888692043547 0
-0.414940949597061 0.8514192532251267 0
0.5679623830404504 0.7501976260443698 0
0.15979796813956262 -0.20158334915881596 1
0.1800922884958027 0.9491743787686747 0
1.73978105007441 0.074801358577964 1
0.09755321262558772 -0.02381077346477061 1
0.38706591231012977 0.6871381244650187 0
-0.7201197332862319 0.6987076375487281 0
0.6307013500318401 0.8792981474129212 0
1.111703591618011 0.4116215613908388 0
1.7604730965297055 0.1148475765768036 1
-0.9257070873230301 0.3020509481456865 0
0.008094725875765041 0.9047317781801953 0
-0.837406436564175 0.46831114032055704 0
0.7194141072098122 0.7217196780742504 0
0.2317648517314823 -0.2512190038312042 1
-0.004390983639436713 1.00006042924832 0
0.0926083286206768 -0.09421411165182488 1
1.0305613407604954 0.08767748713966517 0
1.8444013612465993 -0.2644218013280909 1
-0.08634300217056584 0.19232152395067126 1
-0.6431666634648449 0.79433662471997 0
0.6314966018883729 0.7522182348495421 0
-0.3658360825889533 0.7820078559885867 0
-0.22389523798890532 1.0584449948709664 0
0.8252764843465796 -0.40838232239766925 1
-1.056388977453463 0.08718764883218799 0
1.730788598296091 -0.080676385365712 1
1.6638918106018168 -0.11218613041924941 1
0.8589281247814243 0.76797930787958 0
1.6969989610695186 -0.015114212593015368 1
1.9137870397968615 0.20539444907830717 1
0.5732498960161297 0.7191908363955302 0
0.14075065564280081 1.126927266280999 0
1.2709568879892155 -0.4404201173459953 1
1.1991328733553306 0.062359369271989776 0
2.074995619147703 0.27299142667756393 1
-0.4426869233294078 0.9277348219392709 0
-0.49779750574096104 0.6740309699653212 0
-0.5411515499522199 0.9802141581060633 0
1.8037309620370914 -0.23100202803185177 1
0.8562035611566937 -0.6126110407232708 1
0.7802665561755204 0.6384633374723606 0
0.44626395686165926 -0.3318978861493943 1
0.844790742594832 0.24454585061268622 0
-0.9455864948234989 0.12408444425536604 0
-0.8085302857702016 0.46516557339517894 0
1.4362097836634957 -0.4422888625331858 1
-0.8017967760714723 0.6505678273693155 0
1.1703197723581866 -0.30862001694191166 1
-0.5274236095384802 0.7433676684791507 0
0.33086021376117947 0.17705421333552618 1
0.6216382910803787 0.7919610079031201 0
0.939421397378784 0.5727210810035306 0
1.3161111436098674 -0.5409090510622262 1
0.24445003461343426 -0.2288637084821406 1
-0.5499553881656752 0.857933817411564 0
0.45451521599906797 0.767743663373502 0
-1.1595257471103961 0.12641284550674017 0
0.05445093874247535 0.26696600235721524 1
0.7137921020084563 0.6308543694009584 0
0.26190829032081087 -0.11845840455471351 1
0.7871668105043167 -0.5753047902786678 1
0.4345421220196447 -0.16612189435232955 1
1.5586505728883324 -0.4261010749951217 1
-0.05722400967637685 0.11980034382809487 1
1.4366611379017857 -0.32343247585494234 1
1.9557099776391844 -0.030186865008739586 1
1.504187435125839 -0.30844826687441135 1
0.6996011264534697 0.8836094165654198 0
-0.11708816627114906 1.0665889955330934 0
0.908477714878806 -0.4284199065871034 1
0.9139614475087394 0.16756020142212225 0
1.6402570307990811 -0.326901081599575 1
1.8336413012688335 -0.18817111591036803 1
0.5266720910868078 -0.4151690306897856 1
-0.7606790605428172 0.9502543569922239 0
0.8881460828214719 0.1510213365345815 0
0.34114814357728446 -0.02846372545860644 1
1.0145717265590204 0.1905228602997205 0
0.8831260379240122 0.3155063776063213 0
-0.7424140065347405 0.38229427638994046 0
-0.013321467400717373 0.1376231989517238 1
0.6336469408240917 0.5893310165656769 0
1.8918067665610825 0.38195792468996215 1
1.9037774380522088 0.41083899701330506 1
0.4186436122064999 -0.2671922115919908 1
1.7649333079286111 -0.20636227043290056 1
-0.11579024842502755 1.081937913240964 0
1.8862115848325807 0.16101539024040423 1
-0.0010522477399360144 0.24479621302428142 1
-0.558470460514955 0.9880864596834242 0
0.32076261878716966 -0.15197570444632502 1
1.1672206745263018 -0.4505664397210832 1
0.8465589518285602 -0.6428510603296932 1
0.23932917656745645 -0.055488978413725076 1
1.7797249862359141 -0.1276167574190505 1
-1.0305337322855777 0.6141990836513114 0
1.016736069814376 -0.5153639335857989 1
0.08323977791925538 0.27182705560015785 1
-1.0337463332218169 0.30713380246200556 0
0.35226370825682096 0.8399911764901042 0
-0.969773103201274 0.580463143752858 0
1.9252861283780127 0.4039844426479247 1
-0.28367276076250714 1.1914243749039457 0
0.8376999813123025 0.41668484226242075 0
-0.8709009486078028 0.28496876790144954 0
1.6294854396477236 0.0006066806590079854 1
0.9560971522849272 0.26600350606417617 0
1.6046488220351183 -0.32792795602740976 1
-0.03548604335436093 1.048021883152852 0
1.20781985014864 -0.4859422907890908 1
-0.05259648607855596 0.9680407659475047 0
0.44517443427815917 -0.27822374846087994 1
1.4825136751853907 -0.35767240959057855 1
1.7204663341394084 -0.3323196707864243 1
2.1015505126784912 0.544849627332965 1
0.6601786703810474 0.6514970885288491 0
-0.6328293401680181 0.7844293237467967 0
0.6167506675818799 0.7404872337300147 0
2.0208865196939305 0.08884561334030092 1
0.8223501855715745 0.26770257118888696 0
0.6938789304159532 0.6083556095948199 0
-0.14916538321441614 0.40690821539117245 1
0.17966239147589488 -0.06306450005594567 1
1.4802039896055323 -0.33934152063708267 1
-0.6168825172503224 0.7119776689925424 0
1.9815199613122174 0.22518879134130065 1
0.2898077278729704 0.7844266383464319 0
1.908276518902535 0.0632372122557772 1
0.34336245359170914 -0.2404933158495307 1
0.3240232928734206 1.028701523311654 0
0.43193362545522274 -0.13141493240575663 1
-0.16934903857865508 0.8672150199166102 0
1.6218492744847344 -0.37054193787802725 1
1.2991818458184443 -0.4167869798003151 1
0.8968072421896952 0.10132918903782728 0
0.01711945961369478 0.3491231164640837 1
1.8185514177036917 0.1895403440187472 1
1.4015289034238656 -0.4900998643708199 1
-0.9520647156522624 0.151050464601217 0
0.25249743217048265 -0.1876730292767494 1
-0.45764035072021214 1.0352470896211026 0
-0.5936768635985868 1.1444007775523222 0
0.7868093768961869 -0.4423432158603591 1
0.597785247241154 0.9757850715904071 0
0.21416348659242163 0.8418007294594633 0
0.5625784025417669 0.663166201675994 0
0.9392806255164923 0.2300364172645321 0
-0.902933714030728 -0.0013490052229366 0
1.8869131614684598 0.06592472463431029 1
0.1810865339678735 0.9896751333579799 0
0.5924836816098282 0.5780668902156447 0
-0.765709184477218 0.6133161874340524 0
1.6846573621914254 -0.03592982696076438 1
-1.1140116022386828 0.2706140332224046 0
0.005823103182452388 0.6224209862456376 1
-0.03182339749830626 0.89591567712466 0
-0.1370878548407791 1.004170229597296 0
1.5005689881264759 -0.13267443555408548 1
0.8780647854567618 -0.42904719437056127 1
0.30319694209439785 -0.09787432785731795 1
0.7021244039019006 0.775420408238446 0
-0.15541624637981014 1.1260582230628986 0
0.7989597716383909 -0.6225181413328166 1
0.3210891037602777 -0.17937020147023935 1
-0.041231148738664694 0.9295764702747569 0
0.868611804206178 0.43826053891638617 0
1.2031746470982234 -0.42050750585309554 1
0.9275317235294117 -0.43209179272356146 1
-0.6175963753563745 0.5655112979311372 0
1.120992143384133 -0.5468585189150255 1
0.4686958273792607 -0.47166335617468635 1
2.092058771756315 0.21523930961708196 1
1.591014327974287 -0.31348260805530626 1
1.7668476986760204 -0.15448840167316868 1
1.4744539933492493 -0.2673719042939976 1
-1.0652913159987245 0.3877294881502111 0
2.008530666562271 0.18554161505594863 1
1.0361489398714048 -0.03246347390544409 0
-0.8807361002179797 0.6454472589358915 0
0.8831577649502989 0.4564070174096202 0
1.0259586264662521 -0.023554732195118888 0
0.46846923106094995 0.7247425426680788 0
0.1518218976217088 0.18724167617071846 1
1.328761556701232 -0.3595524511560254 1
-0.9827539574562408 0.20571909303118086 0
0.14407387308670008 0.13302378128998554 1
0.10612323703165968 0.791508191183767 0
-0.9227796580264852 0.1734652570790563 0
1.6016121940534505 -0.15007740750459922 1
0.1567845284856363 0.9943129109217036 0
1.9910117042739424 0.33145374435195707 1
0.15936299857231132 0.8878390346470376 0
-1.0948708592913887 0.33994713630825 0
0.8852888359544764 0.28817333707398335 0
-0.8007027353169962 0.49070299193990663 0
-0.9709855684360952 0.04503870270750665 0
1.9668544234874812 0.14182094920066662 1
-0.08241133087759978 0.33418282767604024 1
1.940154109476237 0.1941519289315173 1
1.0352175928681142 0.00975038697346877 0
-0.08450143878549538 0.9708530769488565 0
1.4478660453856687 -0.19402555279044006 1
0.23334766935011964 0.8659811547806264 0
1.0553421086192272 0.10018823491559357 0
1.9362533741301027 0.0016195204490676574 1
0.7861902055799117 0.4623535608993361 0
0.5714518993114468 0.8656240948196217 0
0.9582433122983225 0.40995776308927884 0
0.3261567639402349 -0.06097696405414385 1
0.0940737354996446 0.252245771049432 1
2.0596103414142166 0.18693087864514504 1
1.5467564127713451 -0.48846441578360245 1
0.12533914485503356 -0.1168917199773056 1
1.2581358457604472 -0.363864706266953 1
1.1380600448374292 -0.4672244246219664 1
0.5919625629598805 -0.5009590025701883 1
-0.7752704993341378 0.44686693518156895 0
-0.3969839273834349 1.099707912067793 0
0.03575626885743229 0.35867848386990075 1
1.9446442387818121 0.1877553942537015 1
0.8922844763684781 -0.3334037863181385 1
-0.18352815612997134 0.8692208673735802 0
1.835531236271988 -0.20311713759509548 1
0.9630527786868165 -0.531780574896113 1
0.14483050130612096 0.04509450196581748 1
1.011898050284275 -0.6238252343502048 1
-0.4206063685787639 0.9242275466981016 0
0.31370185368935144 0.9547376250521635 0
0.47031658534073284 0.8708954161647144 0
0.7173372458355187 0.6532422957016534 0
1.4939534791096112 -0.4040860079374106 1
1.6193363677308152 -0.17119609394914007 1
0.524411221835219 0.8877151990997958 0
-0.8187635411449423 0.8122708936975731 0
2.0581008325737646 0.4409680037795246 1
-0.7136722262846011 0.6494772881116138 0
0.023679418922533856 0.5789179970905511 1
0.02317414447779728 1.046057207813536 0
-0.9339194608797462 0.15310585407081345 0
-0.8686317260794334 0.3514207994263398 0
-0.09635496562032081 0.0061310889716010425 1
1.9020346653713762 -0.04587905200875387 1
2.087492243314297 0.27083958529187635 1
1.9280123127842816 -0.011468892492272731 1
1.4981005009100883 -0.2697245531727481 1
1.033764728080861 -0.022116233666037675 0
-0.9342410475767889 0.2974324292052677 0
0.30578684629810404 -0.45869548487640044 1
1.7545289801058717 -0.008511364809974109 1
0.7008059942491434 0.6358488479701061 0
0.11469238672510246 0.20699874703140264 1
-0.6621547094315501 0.703017112352994 0
1.8987562026210532 0.29009135243823636 1
0.709379961071491 0.7089943889872479 0
1.1176533087151364 -0.6313786701197378 1
1.4152044633841547 -0.47152550072620397 1
0.26715093245660165 0.8473624779794098 0
-0.9167746195508295 0.3015704114877413 0
0.5558671212488432 0.698395539920086 0
1.7438120216039423 0.0422492532943775 1
0.8437314524356598 0.776536567975894 0
0.036891678191459346 0.35721093790887354 1
-0.7566861795838749 0.8054087949399942 0
-0.8182780953484781 0.7432850968874336 0
-0.2684639002875366 1.0235144253970405 0
0.8178691150719971 0.40926132971796436 0
0.17134111330236707 -0.16376064882411093 1
0.2666934774348738 0.9778589852666824 0
0.8717878102048721 0.5367407902837291 0
0.015710548750108633 1.00117488478221 0
0.7871262225284814 0.6080806323734814 0
1.9044038670816446 0.622070472603433 1
1.963256346967321 0.13458209656085973 1
-0.8197787968580585 0.21557227870489445 0
1.0249326415936029 0.20241184795589529 0
-0.2888846813753974 1.0174661807539545 0
0.28063211687937917 -0.2671444846751339 1
-0.9449134540835182 0.4658260576937351 0
-0.5831285367265925 0.7601053611575956 0
-0.7991191309791995 0.11786468820404619 0
0.6545435141103348 -0.4197792609120763 1
-0.2930097472135193 0.9622057880206232 0
0.5578033461399792 -0.424321934474748 1
-0.44256122529689157 0.8383688263184201 0
1.173129447740813 -0.523391704126713 1
1.5639517953151383 -0.30300474717227194 1
2.024011295846964 0.22528223499963035 1
0.45189705288098214 -0.26252642855909586 1
-0.25239427249426816 0.9174313478715658 0
1.6380048193471024 -0.13480878987228145 1
1.4769944612453125 -0.40414781499877195 1
0.664985191548464 -0.38546353270267086 1
0.9051264980607114 0.635567027978841 0
1.438964468861899 -0.3571070472135832 1
-0.598151980358086 0.6496266522331218 0
0.266831440504964 -0.2760402625692422 1
-0.3196021370129672 0.897853115094061 0
-0.2590784167099274 0.9299462026370784 0
-0.8253856267456048 0.5527128671945747 0
-0.8261125293353384 0.30080141822489526 0
0.2782253219746728 -0.18544705306266912 1
-0.915114983911995 0.24403562185759264 0
1.8285885322198776 -0.1732787861282593 1
1.0075484083838553 0.46178633924115764 0
0.7941522071864283 0.7383508066072192 0
1.042171648656309 0.038621985082678 0
0.6239669378457313 -0.42351585223359073 1
1.1186840118237729 -0.5137579323971023 1
0.4334777693865486 0.881726074456561 0
0.5598456594607218 0.8862032784750573 0
1.5217594136031263 -0.32065393141361753 1
0.7342578913060269 0.35170466539850426 0
1.1119177682634664 -0.3393816975428562 1
1.1537669055223114 -0.11495386988406558 0
-0.5952222300467598 0.1661323338372859 0
-0.7267282352642682 0.6509206772963038 0
0.8367052217681231 -0.49348966943813827 1
0.8404821006656503 0.2672988975010987 0
-0.7076147051285702 0.732705784767738 0
-1.1343855000410692 0.3161897952972866 0
-0.036426228410426004 1.0922048275386038 0
0.6952200194346029 -0.24302030465522823 1
-0.80465932127439 0.6559338426356336 0
2.0575399775123406 0.3910568846786447 1
-0.5514622862673441 0.5970914415330948 0
0.31148369478627 0.9860720566242532 0
0.24392398130012105 -0.06780952219413136 1
0.4930305865976776 -0.2282680555847452 1
0.7194668819281864 0.716384380846158 0
1.1225511853080312 0.20588213921410548 0
0.8397954112750707 0.6255578121472029 0
2.0081475317679836 0.23528906629543606 1
0.2744099923161494 -0.03251011397978596 1
1.4263402141868917 -0.34611528082483256 1
0.30936949484190346 -0.2708084626625316 1
0.45279973012729224 -0.2954966699051937 1
0.2056589601596607 -0.05082138255867434 1
0.38493078718400164 0.9630987212155393 0
0.4605003753210242 0.6447717988273279 0
1.8114186492108302 0.18500025893133515 1
0.10996068173984166 0.3595074856042389 1
-0.8844681315154805 0.5714541849102719 0
1.103668767590651 -0.41088894973833323 1
1.1226565962096806 -0.4384372936359493 1
1.6598800213158027 -0.08722339550244554 1
1.0476114419724807 0.6673419183990948 0
0.02998433798997263 0.21196398520176504 1
-0.7226751665767441 0.7180793568649839 0
0.18251951659556348 0.9476762213251101 0
0.10292511567401538 0.28402998477723895 1
-0.47917967189229627 0.8063876155424673 0
0.34083706474180425 1.0678732112665026 0
-0.5926561811927076 0.9558432127139262 0
0.7541497317152699 -0.42558147549085845 1
-0.7396945125134343 0.7453838042132102 0
0.10412328274874015 0.13138660469813926 1
0.919285592703889 -0.6190983058368775 1
0.8848434870179567 0.6705897601566598 0
1.9296838573789041 0.3972314035262823 1
1.7480108852154759 0.020321064143541706 1
0.10362345686888695 1.0588098810769528 0
1.9176760932290169 0.46213599818427065 1
0.7376025513155934 0.6325312272579972 0
2.044271858925941 0.190203277902197 1
-0.5031420427745172 0.9648240226689253 0
-0.23568580605566636 0.7586928764984889 0
0.7522947577696575 -0.5713884381453884 1
-0.5808274086473554 0.8015389820691192 0
-1.1053441191923676 0.16419112647993633 0
1.864435677126799 -0.026560397274742138 1
-0.9277588812404582 0.4147039032562424 0
-0.31616931556729355 0.8229926613373667 0
0.8990266139874822 0.15439527796647162 0
-0.12919724833340948 0.33962346297675183 1
1.801104665402668 -0.08827265614324842 1
-0.09356599129797494 1.17410940547382 0
2.04968266585409 0.5825894534058252 1
1.2648112330500494 -0.46254627177633895 1
1.0113960505800097 -0.43013849063249454 1
1.0355127567588824 0.23641580807427032 0
1.9072544816527406 -0.3087264751604899 1
1.628429891759577 -0.2085834038739725 1
0.822381029983135 0.4411834725133195 0
1.309866777671311 -0.47208772579614255 1
0.10621865573124697 0.29552563342525784 1
0.2591353993092611 0.42791023276230306 1
1.9517336451633465 0.2888012301041955 1
-0.0897382657604495 0.527871172366495 1
-0.21426621000730164 1.0341783341046362 0
-0.9355912755481506 0.3955019507369776 0
2.047207995195422 0.09988269822817739 1
0.9828150461921621 0.45003285978473045 0
1.9475611534378132 0.2480011759458945 1
-0.6375813849299699 0.44676271955890884 0
0.6645539008417602 -0.48023893349555224 1
0.9263031654821469 0.43884776997718733 0
0.6418500750366136 -0.43430914268157494 1
0.23266889221263778 -0.18743887221765582 1
1.6421126079467274 -0.1398041341821457 1
1.929644339782812 0.26774245212843184 1
0.6317777137899193 0.5217135918941649 0
0.13221905152598387 0.02192400149548404 1
-0.037331002452162226 0.9667731473246918 0
0.4515561867290085 0.5866366133634524 0
2.012787051822166 0.3134975568400625 1
0.988675132433267 0.3015288165623279 0
-0.5487591246215586 0.8996154686717686 0
0.7907692801168563 0.6326769570463876 0
1.3116662838192505 -0.31627843396085104 1
0.40119129596260084 -0.32060125609116824 1
-0.7500678488063726 0.7353431527307885 0
-0.7985961905100938 0.6759962370932316 0
0.23203169103952262 -0.06620594156782932 1
-0.4833403629625902 0.9519874733819818 0
1.9792892973688936 0.3270122047329509 1
-0.3150475679420489 0.9378495403664613 0
0.16467758697654755 -0.2874917094489063 1
1.5139744363172982 -0.40290778478396133 1
0.49054358390060604 0.8239040643117286 0
0.11610569726119609 -0.20550787462760176 1
1.3872383581429857 -0.4915525404515193 1
-0.13070188657639503 0.4579547586413136 1
1.7069819000652386 0.019784705024293553 1
0.8178344558740948 -0.6298852179686663 1
0.39164021267479554 -0.43051459876231013 1
0.030266340606404665 0.9284287723830569 0
-0.034014211138149474 1.0185769603109138 0
-0.6772285869375463 0.7824359143643227 0
-0.406102905856632 1.2332621441994367 0
0.1764201848884139 0.3582779871813018 1
0.8555608279664866 0.5622398216284913 0
-1.0850503025561182 0.18655817765366578 0
-0.011125730429262182 0.2864787882230015 1
0.14722234460135675 1.1541128224450599 0
1.3514077157494127 -0.3816301620305152 1
1.1626887593331687 -0.45111784677316413 1
1.7436363009076754 0.05199380742904472 1
1.570829847518356 -0.05678506863641182 1
1.7622056028089905 -0.1653362390571241 1
-0.2400677644768836 1.202930427489945 0
1.336630748758022 -0.42971170639631573 1
-1.026972554709074 0.19820085057240966 0
0.8684310199018328 0.5195993264459391 0
0.23815376520294154 -0.21998431423463893 1
0.3814250094321402 -0.19497907906979495 1
0.2571643113730937 0.8946070109554816 0
0.9563091946817937 0.018720525702032025 0
0.48753850388518993 0.8809867071356139 0
-0.9666965573251239 0.6045092382014967 0
0.824526243045453 0.48136296293020575 0
-0.9720515632958873 -0.08422676646780497 0
2.151444497862395 0.07456773680217306 1
1.206455736772399 0.022748237248759004 0
0.2484497855760597 0.8022006319384334 0
-1.3022131721908847 0.10497491293878597 0
1.4984742386511034 -0.4033980442300016 1
0.667234880590861 -0.2528075554264486 1
1.0468449159800661 0.2369362877012511 0
0.9519693273399951 0.09643595195975933 0
-0.7876094427195757 0.5150054821168965 0
1.7483655718387245 -0.42283227489728914 1
2.0196854488700655 0.4238076008648186 1
0.15976591365370058 0.014477842047519979 1
-0.11386727434318134 1.0484805855444392 0
0.14888599740312555 0.055207552046408606 1
0.8557607686695919 0.16806765010295685 0
1.5925435882894385 -0.22510021738957575 1
0.5852408335116729 -0.4659641936926759 1
-0.0195710436339966 0.24103322696461119 1
-0.9512657921542391 0.565217329940001 0
0.09808394767751369 0.08167485096671195 1
0.9682569294039108 0.39177452717971406 0
-0.9198702873118509 0.1719271489180947 0
0.4262130918730395 0.9858100742877307 0
-0.3573032664871206 0.9380249610577357 0
1.0576523616155047 -0.4978309468754067 1
0.1922968525203675 0.1129013044843577 1
0.13341988957038714 0.645874864383003 1
0.6815603557645562 0.5186987543466133 0
0.3440955564392277 0.9034526320952895 0
1.8784500477661474 -0.09899574093458974 1
1.0670221588562636 -0.6184038069779535 1
-0.46840912803835333 0.8691215068179488 0
-0.9832631592606443 0.681638734655414 0
-0.8223331095499771 0.4347561395872706 0
0.7650322415488132 0.5980801987082728 0
-0.06712100932394122 0.2120438857418617 1
0.5023068396970511 -0.2911840289163295 1
1.2472378682935468 -0.32266529138796696 1
0.7531859288136779 -0.4730900684636879 1
1.07034278197057 -0.33978137606316516 1
-1.012150350562431 0.23376045702150924 0
-0.11981467384191533 0.8750239031335147 0
0.11440829403439287 1.0475783198487318 0
1.7423827684669515 -0.31844441877574303 1
0.11008618132369188 0.08975547877215494 1
2.006513963414295 0.14036644098385193 1
1.04999500668044 0.27720445538677585 0
1.9526083423664158 0.04736398874700737 1
-0.752168090107823 0.546176544367764 0
0.026990538573622925 0.25238980973422653 1
1.6031198041261314 -0.3555798797526066 1
1.9498927979350178 0.3214738691763956 1
0.33000921544919465 -0.28783260593313365 1
-1.1442805431988425 0.2726297147284297 0
0.8569731152009071 0.39656514389184855 0
-0.24957183686652784 1.0509449353267675 0
1.153722803682124 -0.45573127796501334 1
0.5978234059149312 0.714781615453316 0
-0.705060637036122 0.7788661283541918 0
1.3711803025420815 -0.39516406538479654 1
0.24066460337206944 0.7954516929555036 0
-0.9958072014749615 0.13531359831640302 0
0.281834624661478 -0.3419872745539566 1
0.07464008284408717 0.7498860602216442 0
0.804548530415725 0.5205719781574699 0
0.23728018607734042 -0.1114435706464175 1
2.0891630320421024 0.6716871022141875 1
0.9876495364042692 0.14659719971259783 0
-0.9143163597056576 -0.13609441047601403 0
0.583634340927166 0.8511298862911463 0
-0.7279878864042011 0.8705211163192624 0
-0.9375554442735117 -0.16168966581965794 0
0.3882088953078658 -0.41160168393893126 1
1.743380848405293 0.033877106337775464 1
1.0126617598845735 -0.5347837075558894 1
0.5538955827257546 0.706267597230316 0
0.655921911178366 0.6193750425634247 0
2.080016184562145 0.23577537450657252 1
0.891743698703989 0.3962295198823097 0
0.9638194813441203 -0.713217057012062 1
1.9734959013303754 0.4061798161447536 1
0.9976826357714224 0.17268811273479043 0
1.023330652260267 -0.5380129423789792 1
-0.8178902751842327 0.5745483471554466 0
0.799779480835094 0.6547203199693098 0
-0.22006050885455536 1.01536385082096 0
2.004689998824971 -0.034574361792298725 1
0.7502675425215043 0.5992329811265799 0
1.8944889160677503 0.0021384234150944523 1
1.7554217476579619 -0.2511417313593988 1
0.7076479115720008 -0.2814161552486857 1
1.270040344403128 -0.3554382162228805 1
1.0613486394106422 -0.2094157651162854 1
1.6680126332972298 -0.3106310649759462 1
0.12011681516684598 0.2722164090704313 1
1.9541099213382802 0.06973217427329899 1
1.5925080780082008 -0.15159898816260436 1
0.09272045752359012 -0.04517989924357613 1
1.5657340006904616 -0.3219868041523577 1
0.36619993144254137 -0.3713152591694836 1
1.9193325185164962 0.4242397322562704 1
-0.5985929953211978 0.8311074599875412 0
0.21866912506337288 -0.3026174664139779 1
0.29720123360464673 -0.340076265727402 1
-0.6830880049184547 0.5347548552812941 0
-0.24617895037851506 0.9857792518446099 0
-0.35539805110197276 1.1058809776411032 0
1.4166122470412432 -0.30515512935963895 1
0.9411987105803139 0.2243298515778186 0
-0.7537032536078523 0.31789919449901455 0
0.09466398914723972 0.967335387255929 0
1.2330325127462942 -0.5797429516351096 1
0.2204566010147026 -0.22290984548749798 1
1.9378210393713002 0.4315656617332745 1
-1.0829228600040932 0.10942219567856898 0
-0.3777322689510507 0.8794788489047376 0
0.22263623463707666 -0.12726338725650338 1
0.057102692714280916 0.3059422337308027 1
0.9734765513410838 0.23488624310241657 0
1.104180014792365 -0.4108158649611563 1
1.190489576634063 -0.452329161551857 1
1.225225280526172 -0.4314892254996788 1
0.4183764153492381 -0.4008906740815043 1
0.604078747021112 -0.3336778030136794 1
0.45803972758524963 0.7598895824504385 0
0.33946521894537246 1.091112622229633 0
0.6930209751955858 0.44026905968298446 0
-0.5009171357639283 0.8805475766308115 0
2.1505842397493655 0.5534483546025195 1
0.21506869163015735 -0.16664259552342192 1
1.54209781060199 -0.18245446137891727 1
-0.8924745846206883 0.13890127047289363 0
1.5482710525166659 -0.39440652725977093 1
0.68398664651642 0.7615574058370648 0
-0.7727425826856595 0.6571946772046725 0
0.20393393171933993 1.0313179800509553 0
1.140895067622583 -0.4592414071333082 1
0.9991158948585553 -0.02181410008959747 0
0.6857061600643085 -0.42155643518180685 1
1.1077524131168437 0.4559676043264925 0
0.071631784427563 0.18037986252971472 1
1.02408209304141 -0.4319573024796571 1
-0.7434518185452582 0.7619653899195472 0
-0.9776209135096808 0.32115705238073466 0
0.8621032739216195 0.16192685814905167 0
0.91917909224582 -0.03767488786759289 0
1.1401175129098455 -0.441283608146424 1
0.4621091435614384 0.007695016790568263 1
-0.9944654943261749 -0.15665847092615523 0
0.9097230740282973 -0.46421386630730416 1
1.0537200087187728 -0.441638086445235 1
0.0015585748612586877 0.3561397694901467 1
-0.3849019019451071 1.0891087656646368 0
0.38135362882672746 -0.2181009729366134 1
1.7801868084506083 0.42250095669397003 1
0.798859292671901 -0.4625797546615061 1
0.7035889468486451 -0.4007472107064149 1
-1.0263552677099481 0.3934451647707454 0
-0.3574858222006589 0.9076220010936179 0
0.6592894144040584 0.9238671737320997 0
0.9726755687062731 0.09309916656107259 0
-0.9516990624660543 0.2309779059315022 0
0.1771007299864082 1.114364560048336 0
-0.5230870749737773 0.9794967689338021 0
0.36085586057182717 -0.035161968070403116 1
0.5919669635960876 0.960895458221363 0
0.8531691864086308 -0.6196934541015876 1
-0.8378412292414217 0.6547758481302541 0
0.6679854186144589 -0.46602260897844705 1
1.8262649912963123 0.23205220982767566 1
1.4326910530264383 -0.3973738895514586 1
0.1843563557666527 -0.10572230392676868 1
1.790992204297232 -0.14735559875427875 1
1.029173560853958 -0.6362952101551256 1
1.113960648619629 -0.3710778836913011 1
-0.9453211305408015 0.6180096444567582 0
-1.0319945800505637 0.35469297556955504 0
0.14714151560670713 0.10856011079834088 1
0.5032714337273303 -0.3318654401142973 1
2.143412149052611 0.34287758475302355 1
1.0227944850464221 -0.4171890404493923 1
0.448746513112633 0.9817394937341801 0
1.0174999527439337 0.2268025926501768 0
0.10836088218034089 -0.06913690944842038 1
0.7422629086942127 0.8775595110468014 0
1.3560303974295917 -0.37741202453709854 1
0.8196865169769888 0.4538738767260039 0
-0.5227934633205562 0.6891797266201924 0
1.4448450980747303 -0.6100806682729607 1
0.7820024347645438 -0.47883626992127626 1
0.6680963364366346 -0.37006529885200434 1
1.723962488793326 -0.18542278352229857 1
-0.32316880321659336 0.7980682790390725 0
-0.8877667923371277 0.4515654391266522 0
0.053404050109630674 -0.15267583153337333 1
0.6378447329137638 0.8900690286580798 0
-0.7332077219426227 0.45644005258982195 0
0.34805459266183036 0.8298008380238019 0
-0.7426273448528417 0.7388191911372477 0
1.0929524057811912 0.032318176634743234 0
0.3923988468322934 -0.24123712674770997 1
-0.05733062086868512 0.9491848316019758 0
-0.7960667554962055 0.3159415409763344 0
2.114776797562993 0.3889880622542982 1
0.4824315048420114 -0.6065486701483499 1
-0.09393787319418698 0.12847600630024125 1
-0.28597566390293894 0.8953270950242374 0
1.8373735447584891 0.14112286556302756 1
0.5922340913384735 -0.4266358809252177 1
-0.9188574410609094 0.12407346300523335 0
-0.8576909490885196 0.30500921066105874 0
1.8300135654263865 -0.06337115260506418 1
1.1402655998036084 -0.6543329734833481 1
0.30061006477604746 1.0927951073224504 0
0.9432005996750159 0.1335467641241302 0
1.8925081228766538 -0.032959378790184374 1
-0.9985088769915451 0.19689596026181036 0
0.08563481833868189 0.23810898005932218 1
1.4788558746562024 -0.35578142202743807 1
-0.14919549234078774 0.4334498160504354 1
1.7139627386966727 -0.07617423249333831 1
-0.34203506958528285 0.90993425192501 0
0.8825106719721996 0.10842727086799743 0
0.5866485091105231 0.7422498403198657 0
-0.25677428238679273 0.9266987480597022 0
1.0562507570877466 -0.6192965863854624 1
0.9378964773298707 0.13109522728333983 0
0.9438135831500705 -0.49357207332560515 1
-0.5981557695792851 0.6896940156108977 0
0.7135426540726691 0.7075218697414292 0
0.6517772625182571 -0.46910827460132576 1
-0.512889133692779 0.8085248117751466 0
0.8570246358526572 -0.3895582677938819 1
-0.05252320990735107 0.04117664033018109 1
1.8444454629498752 0.022997188675993763 1
-0.7369105681335766 0.9084841314831755 0
1.7581371180062852 -0.13736228438984943 1
0.12555191768955595 1.092177056199679 0
0.42222283493485213 -0.21882536468575192 1
0.9609963702679802 -0.5768598798464577 1
0.7361131482052214 0.7965418784564507 0
0.5096432398803283 1.0033731153046548 0
0.3248236023202097 0.8753453318518544 0
-1.0728658643690434 0.08810069096979355 0
0.8532453526416146 0.5947877093226032 0
0.80760610891404 0.44688227144308335 0
1.9271160128189109 0.46244798422994265 1
-0.5188728411047597 0.5962780248011114 0
0.04828739546581463 1.0248594536397535 0
0.011266510126375417 0.24435155825097968 1
0.7302314195923985 -0.3684319168665834 1
1.717426008504694 -0.0030217334672233975 1
-0.7822429631601497 0.4163731796111224 0
-0.21905744096210017 1.0181228995994343 0
-0.03544137704669398 0.1974941021184377 1
0.8540673706014715 -0.43781716337262905 1
0.11186062458346531 1.0881510632327578 0
0.7738524798910107 0.6492884846483723 0
0.0025423716277028 0.5198835575588269 1
0.5263722329488465 -0.48177771348353704 1
1.298887050528983 -0.5994003921672986 1
-0.9450490878187163 0.18629792498028064 0
1.872066523476038 0.429872319839174 1
0.07296503255668402 0.3943627433834451 1
-0.032115840677520255 0.23561664983119607 1
1.849621924052347 0.20700237571847685 1
0.7091218971698198 -0.49406716445795607 1
0.18629539624122815 0.03102482369603507 1
-0.9986072871326012 0.3927863813684892 0
1.48088199155988 -0.5781524423489309 1
-0.8788744374131211 0.668971252230871 0
1.8867591550295035 -0.28342766868562985 1
0.5037547383407446 0.8116131074573981 0
1.975487638047346 0.18239760703652003 1
-0.2690846330321219 1.0846218186036525 0
0.555303767280377 0.8926466116268676 0
-0.970799208093966 0.3276627236562686 0
0.08869702202530869 0.9653900985759051 0
-0.47331024534239524 0.8841526362828737 0
-0.7573144002373684 0.7420302444323849 0
0.2316572108578678 0.2998603415665128 1
0.45877457320476633 -0.5534140339619391 1
0.4365911400663853 -0.3478838173049454 1
0.6607274465317466 -0.3657080219306321 1
-0.12672607719351536 0.9995423299684407 0
1.8948853137436097 -0.07230154668805083 1
0.36472490947224323 -0.34945397585884747 1
-0.06681291478434667 0.8763060082606052 0
-1.0503886859164355 -0.013476066793837976 0
-0.9948088801488726 -0.09708742218720308 0
-0.8599420378402197 0.4760769698742817 0
1.9652021662460653 0.38047387677143873 1
2.0883247942784187 0.40053493384106686 1
0.7055151123468554 -0.2743454481685272 1
0.877981475107749 0.45230885124303083 0
1.5653678708226624 -0.35847434833215736 1
0.43044857216506927 1.0484898526101771 0
1.5943345383702852 -0.3173369569898426 1
0.846332935437784 0.5280732199604902 0
-0.887806375910433 0.2318107431668736 0
0.9086819994725776 0.3380331231551992 0
0.7787014271123541 0.4536873982544937 0
1.740074816974368 -0.26338155093197924 1
0.5758188202756817 0.9828353248505983 0
0.8624435956611816 0.6789410291335107 0
0.507441218853289 -0.0066902647360189416 1
0.15215551916909736 0.11410268226039023 1
0.8008066070387307 0.11809578727149869 0
0.4771228497021124 -0.11058187307313028 1
1.7970908749497496 -0.09733865329581277 1
0.2518997182489615 0.8820215404581037 0
-0.715434324706725 0.9778751081192271 0
1.297396853543081 -0.4494320789491498 1
-0.4266678497579222 1.0263687696532493 0
-0.1080336185896204 0.18897307161598315 1
1.6760697853365805 -0.24108361268999715 1
0.002774489466582023 0.4971742430901717 1
0.6003036074060479 -0.224669726994015 1
1.8269522310404407 0.013479398741684523 1
0.91468550729633 0.36839656604762633 0
0.02446444718826383 0.09025634734301582 1
0.3756016496505067 -0.4787317595775544 1
0.10255216787062986 1.0460749422472966 0
0.7801347923659483 0.39539048881226924 0
-0.23433113757242718 1.1244602275711424 0
0.6946013422809061 0.8146484457995037 0
0.24108734342367139 -0.11522387286263246 1
0.5233349264607616 -0.2806846298025773 1
-0.7085957705814501 0.7806516603298426 0
0.9787354604426823 -0.11091857830538468 0
0.17211119352895193 -0.019105101689807613 1
0.9081274971648404 0.421109678920384 0
0.6428417173613201 -0.48678998932303913 1
-0.7998836269147345 0.9523212620564097 0
0.23669621792001333 -0.18066052859892412 1
0.43418559121091393 -0.17122801704283436 1
-0.9279022033239257 0.24731463774543969 0
1.1202761575695444 0.03377290538752689 0
1.9342860334386054 0.4109788791658276 1
1.9042022915663424 0.10018308496191952 1
0.2514596979732782 0.5967679695856402 1
-0.18888979658919197 0.8457637527603159 0
0.4210912964413653 0.006747381728208157 1
0.5926397410765256 0.8608433612399534 0
0.7533617196608259 -0.41600565428859054 1
0.7112901196049989 -0.32357144840691254 1
1.9310543776002824 0.07331599873970057 1
1.3298393835849966 -0.4138592807987269 1
-0.8480843757576892 0.43492186848207165 0
1.0473490774441898 -0.6009501038368676 1
-0.6236730977626317 0.6962207763170687 0
1.0004690403162617 -0.5809358349810084 1
1.4644685732465155 -0.31095819010552195 1
0.5860383388386248 -0.4447240303099793 1
2.0351105511776493 0.010535074435532255 1
1.3810486391157193 -0.5180432144761795 1
-0.09034987418653449 1.081122714629898 0
-0.37007947911147254 0.9510265805364705 0
-0.6977441763608309 0.11411286906087821 0
1.1750610530413128 -0.38646989271724846 1
0.4904656634815094 1.046848200284092 0
0.783110340903683 -0.5798756346685469 1
-0.9949727613566359 0.1439758862797948 0
0.2728803586266628 0.9686217900812915 0
1.013480484325639 0.2071991972239336 0
0.004098346868712351 0.2316559477948914 1
0.07064303637337871 0.4307051670913601 1
0.43596359622748015 0.8767382533587841 0
0.657349314315629 1.0160446046324982 0
0.3224549399288704 1.1112530994084284 0
1.7022780924289815 -0.3567924413789567 1
1.5105148984470862 -0.223748121425525 1
1.6484035422930399 -0.32878038252634556 1
0.34588298602051193 -0.0654168139766583 1
0.23819039992079435 1.1067352760286755 0
-0.8366567652198619 0.7245666619237325 0
0.4314970015281931 0.8535274974859763 0
0.31715201325544595 1.0345848005744105 0
0.027348360927815674 0.5134128789139674 1
-0.39239881610942207 1.0383633444305178 0
1.8800615674606598 -0.12481154889344342 1
1.4924969152962215 -0.3599133405249174 1
0.8184261494442601 0.02662904817271817 0
0.009980201913416045 0.9575188795144841 0
0.2198204736633686 -0.33939768725194475 1
0.23816542634237925 0.939239816330784 0
0.30324849630943373 0.029443904846020386 1
-0.6927188200780046 0.05261762703972617 0
-0.26420434882854943 0.89489619757508 0
0.06781509246820831 0.24135715180189257 1
-0.09397695285969518 1.0524195545026835 0
0.48947963291795715 -0.4192658459522473 1
1.1681244810549174 0.34582473544891035 0
0.4765289257785547 -0.3222254116020469 1
0.5073413464710397 -0.3863881898415312 1
0.95867005685102 -0.5816725751317848 1
1.7146058341001384 -0.05951954163434103 1
0.15026293755330605 1.0238338802866018 0
1.725122941064924 -0.09722302650978668 1
0.5262264624425197 0.9120376744140832 0
0.15277268590031054 -0.02084715066790825 1
0.6334642811537678 -0.33281396381441164 1
1.7187528991389605 -0.041435413297305324 1
-0.883014473835272 -0.17514568513012105 0
-0.051486928867475856 0.24442327186027923 1
1.7145731386811616 0.00022316765828435392 1
0.5536236752104304 0.9231337113737655 0
1.6045595688258913 -0.13287103183034576 1
-0.914650837568753 0.3580177973413412 0
0.22319297378206318 0.9010786516963488 0
0.9872894829307932 -0.42901176847717437 1
0.7971399414337346 0.5788275398942916 0
1.3333257081193621 -0.5074165263295992 1
0.6990269534203104 -0.45550924301184736 1
0.7922412343648305 0.6351254580591752 0
-0.8969450973010137 0.05318658733820638 0
0.30557799908251304 0.8797736406490452 0
1.2610493445914606 -0.5574287308671944 1
1.8918703341825898 0.058600955711487324 1
-0.03639439133298791 0.8501155559918061 0
0.6103411742084137 -0.37359251243505726 1
0.058001810244514715 1.1608544511114418 0
0.6858824903750389 -0.30134385890651894 1
-0.508636727913681 0.9213272929943095 0
0.29864006856903014 0.9701257515138312 0
0.9995303715461146 0.17081669555267767 0
0.25568913789844216 1.1227413978541447 0
-1.099136892842249 0.13014949307742696 0
-0.05439945382410136 0.06151952135200279 1
1.1002024561407413 -0.3656434019994243 1
0.844126646261018 -0.5600485184092436 1
1.037381808362603 0.3935104551786075 0
1.8433324971421277 -0.03317869951893135 1
0.13528551079018802 -0.02173409662733577 1
1.4017328513082663 -0.41346032911839753 1
0.11165000408431056 -0.03860715529793468 1
-0.4246424761085863 0.8775607206154251 0
0.5401292636755516 0.8573665656424809 0
1.161368971482178 -0.38918019883089444 1
-0.6914267397688559 0.7983511193256763 0
-0.9084492911620146 0.1910308456259121 0
0.20368731789669203 -0.10849244915471051 1
0.8769713298052012 0.47298918692525643 0
1.8650748882295667 0.10091580892531354 1
0.6843088960618832 0.6005090573858193 0
0.5207939903167093 -0.5412130833920159 1
0.8788778186031225 -0.551229009985102 1
-0.3501636443791587 0.849943343296035 0
0.825644914154625 -0.4027111306803838 1
-0.23025735794599625 0.9213290245354215 0
-0.15821908858607653 1.009170760330612 0
0.23940750348307524 0.9365626388038437 0
1.920646910117394 0.11204399053003741 1
-0.15291924357453013 0.35282752292953434 1
0.7976730379468967 0.24855567354275798 0
0.9901133723233926 0.37805808243174865 0
1.808236799374163 -0.18920598838808855 1
0.6896643779377449 0.5364560335584179 0
0.4940870029459079 0.7227738264282368 0
-0.7118057533205223 0.4155066722730356 0
-0.8370510010487608 0.7872660132287744 0
0.545613511525519 0.6883105893783883 0
0.9158634872743292 0.5020957994770703 0
-0.6518587491360041 0.6990699147969921 0
-0.5745129383119426 0.6439462068017616 0
0.038960129940899 0.3084627924823279 1
0.11034806430085291 0.05304827343446321 1
1.0631467812832311 -0.5480948427679633 1
-0.12837592374910772 0.9837696629549881 0
-0.5593065655455198 0.7505021360632027 0
1.3913977186892106 -0.32295222331132367 1
